from root directory of this project, run the following command to upload the app as an image to Google artifact registry:
```bash
gcloud builds submit --region=us-central1 --tag us-central1-docker.pkg.dev/static-bond-416914/arti-repo-for-vertex/vertex-service-image-detection:latest
```

Screenshots of the resources created are in Notion.

API details:
- POST http://127.0.0.1:8080/predict
Body:
```json
    { "instances" :
        [
            [[0.0, 0.0, 0.0, 0.0, 0.0, 0.0, 0.0, 0.0, 0.0, 0.01568627543747425, 0.0117647061124444, 0.0, 0.0, 0.027450980618596077, 0.019607843831181526, 0.0, 0.0117647061124444, 0.0, 0.0, 0.0117647061124444, 0.03529411926865578, 0.0235294122248888, 0.0, 0.0, 0.0, 0.0, 0.0, 0.0], [0.0, 0.0, 0.0, 0.0, 0.0, 0.0, 0.0, 0.0, 0.027450980618596077, 0.0, 0.0, 0.003921568859368563, 0.0, 0.0, 0.0, 0.027450980618596077, 0.0117647061124444, 0.003921568859368563, 0.007843137718737125, 0.007843137718737125, 0.0, 0.0, 0.0, 0.0235294122248888, 0.0, 0.0, 0.0, 0.0], [0.0, 0.0, 0.0, 0.0, 0.0, 0.0, 0.0, 0.0, 0.0, 0.003921568859368563, 0.0235294122248888, 0.0235294122248888, 0.0117647061124444, 0.0, 0.0, 0.0, 0.0, 0.0, 0.0, 0.0, 0.0, 0.0, 0.0, 0.0117647061124444, 0.0, 0.0, 0.0, 0.0], [0.0, 0.0, 0.0, 0.0, 0.0, 0.0, 0.0, 0.0, 0.0, 0.0, 0.0, 0.0, 0.0, 0.0, 0.0, 0.0, 0.0, 0.0, 0.0, 0.0, 0.01568627543747425, 0.0117647061124444, 0.0, 0.0, 0.0, 0.0, 0.0, 0.0], [0.0, 0.0, 0.0, 0.0, 0.0, 0.0, 0.0, 0.0, 0.01568627543747425, 0.0, 0.0, 0.03921568766236305, 0.054901961237192154, 0.0117647061124444, 0.0, 0.007843137718737125, 0.007843137718737125, 0.007843137718737125, 0.003921568859368563, 0.003921568859368563, 0.007843137718737125, 0.0117647061124444, 0.003921568859368563, 0.0, 0.0, 0.0, 0.0, 0.0], [0.0, 0.0, 0.0, 0.0, 0.0, 0.0, 0.0, 0.0, 0.0, 0.0, 0.0, 0.0, 0.0, 0.003921568859368563, 0.0117647061124444, 0.0, 0.0, 0.01568627543747425, 0.01568627543747425, 0.0, 0.0, 0.0, 0.0, 0.007843137718737125, 0.0, 0.0, 0.0, 0.0], [0.0, 0.0, 0.0, 0.0, 0.0, 0.0, 0.0, 0.0, 0.003921568859368563, 0.0117647061124444, 0.0313725508749485, 0.04313725605607033, 0.0235294122248888, 0.0, 0.0, 0.007843137718737125, 0.0, 0.0, 0.0, 0.0, 0.0117647061124444, 0.0313725508749485, 0.019607843831181526, 0.0, 0.0, 0.0, 0.0, 0.0], [0.0, 0.0, 0.0, 0.0, 0.0, 0.0, 0.0, 0.0, 0.0, 0.0, 0.3137255012989044, 0.7921568751335144, 0.7411764860153198, 0.21176470816135406, 0.0, 0.01568627543747425, 0.019607843831181526, 0.0, 0.0, 0.04313725605607033, 0.15294118225574493, 0.1921568661928177, 0.0941176488995552, 0.0, 0.0, 0.0, 0.0, 0.0], [0.0, 0.0, 0.0, 0.0117647061124444, 0.0, 0.0, 0.027450980618596077, 0.0117647061124444, 0.0, 0.1411764770746231, 0.9490196108818054, 0.9686274528503418, 0.9921568632125854, 0.47058823704719543, 0.0, 0.0, 0.0, 0.0, 0.01568627543747425, 0.5098039507865906, 1.0, 0.8313725590705872, 0.11764705926179886, 0.0, 0.0, 0.0, 0.0, 0.0], [0.0313725508749485, 0.0, 0.0, 0.0235294122248888, 0.027450980618596077, 0.0, 0.0, 0.0, 0.0117647061124444, 0.7137255072593689, 1.0, 0.95686274766922, 1.0, 0.9098039269447327, 0.3176470696926117, 0.0, 0.07450980693101883, 0.4274509847164154, 0.8901960849761963, 0.9490196108818054, 0.9921568632125854, 0.9529411792755127, 0.0, 0.019607843831181526, 0.0, 0.0, 0.0, 0.0], [0.019607843831181526, 0.0, 0.0, 0.003921568859368563, 0.0, 0.0, 0.0, 0.01568627543747425, 0.29411765933036804, 0.95686274766922, 0.9686274528503418, 0.6352941393852234, 0.5098039507865906, 0.9058823585510254, 1.0, 0.95686274766922, 0.9490196108818054, 0.9882352948188782, 0.9882352948188782, 1.0, 1.0, 0.4274509847164154, 0.0, 0.003921568859368563, 0.0, 0.0, 0.0, 0.0], [0.0, 0.0117647061124444, 0.027450980618596077, 0.0, 0.0, 0.0117647061124444, 0.0, 0.0, 0.5960784554481506, 1.0, 0.95686274766922, 0.16078431904315948, 0.03529411926865578, 0.6392157077789307, 1.0, 0.9411764740943909, 0.7686274647712708, 0.9411764740943909, 1.0, 0.9058823585510254, 0.6392157077789307, 0.07058823853731155, 0.0, 0.01568627543747425, 0.0, 0.0, 0.0, 0.0], [0.003921568859368563, 0.0, 0.0, 0.0, 0.027450980618596077, 0.027450980618596077, 0.0, 0.062745101749897, 0.8470588326454163, 0.929411768913269, 0.6274510025978088, 0.0235294122248888, 0.03529411926865578, 0.01568627543747425, 0.0313725508749485, 0.1568627506494522, 0.12941177189350128, 0.8235294222831726, 1.0, 0.9372549057006836, 0.18039216101169586, 0.0, 0.0117647061124444, 0.0, 0.0, 0.0, 0.0, 0.0], [0.0313725508749485, 0.0, 0.0, 0.007843137718737125, 0.007843137718737125, 0.0, 0.03921568766236305, 0.40784314274787903, 1.0, 0.9921568632125854, 0.3843137323856354, 0.007843137718737125, 0.0, 0.0, 0.01568627543747425, 0.0, 0.5254902243614197, 0.9882352948188782, 0.9019607901573181, 0.6666666865348816, 0.0235294122248888, 0.0, 0.03921568766236305, 0.0, 0.0, 0.0, 0.0, 0.0], [0.019607843831181526, 0.0, 0.0313725508749485, 0.0, 0.0, 0.0, 0.04313725605607033, 0.4470588266849518, 0.772549033164978, 0.4117647111415863, 0.0, 0.027450980618596077, 0.0, 0.0, 0.07058823853731155, 0.2549019753932953, 0.9176470637321472, 1.0, 0.8470588326454163, 0.16078431904315948, 0.0, 0.062745101749897, 0.0, 0.019607843831181526, 0.0, 0.0, 0.0, 0.0], [0.0, 0.0, 0.0235294122248888, 0.0, 0.03921568766236305, 0.06666667014360428, 0.0, 0.03921568766236305, 0.01568627543747425, 0.0, 0.0, 0.03529411926865578, 0.01568627543747425, 0.0, 0.007843137718737125, 0.7176470756530762, 0.95686274766922, 1.0, 0.29019609093666077, 0.0, 0.0235294122248888, 0.0, 0.0, 0.0, 0.0, 0.0, 0.0, 0.0], [0.0, 0.0, 0.0, 0.0, 0.0, 0.0, 0.0, 0.0, 0.0, 0.0313725508749485, 0.0, 0.01568627543747425, 0.0, 0.03921568766236305, 0.3529411852359772, 0.9411764740943909, 0.9843137264251709, 0.6784313917160034, 0.04313725605607033, 0.0, 0.05098039284348488, 0.0, 0.054901961237192154, 0.0, 0.0, 0.0, 0.0, 0.0], [0.0, 0.0, 0.0, 0.0, 0.0, 0.0, 0.0, 0.0, 0.0313725508749485, 0.01568627543747425, 0.03529411926865578, 0.007843137718737125, 0.0, 0.21960784494876862, 1.0, 1.0, 0.7568627595901489, 0.07450980693101883, 0.0, 0.0313725508749485, 0.0, 0.0, 0.0, 0.03529411926865578, 0.0, 0.0, 0.0, 0.0], [0.0, 0.0, 0.0, 0.0, 0.0, 0.0, 0.0, 0.0, 0.0, 0.0, 0.0, 0.003921568859368563, 0.09019608050584793, 0.6705882549285889, 0.9529411792755127, 0.8901960849761963, 0.4117647111415863, 0.0, 0.003921568859368563, 0.0784313753247261, 0.0, 0.03921568766236305, 0.003921568859368563, 0.01568627543747425, 0.0, 0.0, 0.0, 0.0], [0.0, 0.0, 0.0, 0.0, 0.0, 0.0, 0.0, 0.0, 0.0235294122248888, 0.0, 0.08627451211214066, 0.04313725605607033, 0.40784314274787903, 1.0, 0.9254902005195618, 0.22745098173618317, 0.03529411926865578, 0.04313725605607033, 0.0, 0.0, 0.0, 0.007843137718737125, 0.019607843831181526, 0.0, 0.0, 0.0, 0.0, 0.0], [0.0, 0.0, 0.0, 0.0, 0.0, 0.0, 0.0, 0.0, 0.0117647061124444, 0.019607843831181526, 0.0, 0.33725491166114807, 0.9098039269447327, 0.9843137264251709, 0.6039215922355652, 0.0, 0.0, 0.08627451211214066, 0.0, 0.0, 0.062745101749897, 0.0, 0.0, 0.007843137718737125, 0.0, 0.0, 0.0, 0.0], [0.0, 0.0, 0.0, 0.0, 0.0, 0.0, 0.0, 0.0, 0.0, 0.0235294122248888, 0.07450980693101883, 0.7333333492279053, 1.0, 0.6705882549285889, 0.0, 0.09019608050584793, 0.0, 0.01568627543747425, 0.019607843831181526, 0.019607843831181526, 0.01568627543747425, 0.0, 0.01568627543747425, 0.0470588244497776, 0.0, 0.0, 0.0, 0.0], [0.0, 0.0, 0.0, 0.0, 0.0, 0.0, 0.0, 0.0, 0.007843137718737125, 0.0941176488995552, 0.7960784435272217, 0.9254902005195618, 0.7686274647712708, 0.3176470696926117, 0.0, 0.0, 0.003921568859368563, 0.0, 0.04313725605607033, 0.0, 0.0, 0.019607843831181526, 0.0, 0.0, 0.0, 0.0, 0.0, 0.0], [0.0, 0.0, 0.0, 0.0, 0.0, 0.0, 0.0, 0.0, 0.0, 0.5098039507865906, 1.0, 1.0, 0.4117647111415863, 0.03921568766236305, 0.0, 0.019607843831181526, 0.007843137718737125, 0.0, 0.0, 0.007843137718737125, 0.0470588244497776, 0.0, 0.0, 0.019607843831181526, 0.0, 0.0, 0.0, 0.0], [0.0, 0.0, 0.0, 0.0, 0.0, 0.0, 0.0, 0.0, 0.3294117748737335, 1.0, 0.9411764740943909, 0.7254902124404907, 0.14509804546833038, 0.0117647061124444, 0.0, 0.0, 0.0, 0.0, 0.0, 0.0, 0.0, 0.0, 0.0, 0.0, 0.0, 0.0, 0.0, 0.0], [0.0, 0.0, 0.0, 0.0, 0.0, 0.0, 0.0, 0.0, 0.6705882549285889, 1.0, 1.0, 0.32549020648002625, 0.0, 0.0, 0.0, 0.019607843831181526, 0.0, 0.0, 0.0, 0.0, 0.0, 0.0, 0.0, 0.0, 0.0, 0.0, 0.0, 0.0], [0.0, 0.0, 0.0, 0.0, 0.0, 0.0, 0.0, 0.0, 0.8784313797950745, 0.9372549057006836, 0.9686274528503418, 0.21176470816135406, 0.05098039284348488, 0.0235294122248888, 0.0, 0.0, 0.0, 0.0, 0.0, 0.0, 0.0, 0.0, 0.0, 0.0, 0.0, 0.0, 0.0, 0.0], [0.0, 0.0, 0.0, 0.0, 0.0, 0.0, 0.0, 0.0, 0.0, 0.06666667014360428, 0.04313725605607033, 0.0, 0.0, 0.0, 0.007843137718737125, 0.007843137718737125, 0.0, 0.0, 0.0, 0.0, 0.0, 0.0, 0.0, 0.0, 0.0, 0.0, 0.0, 0.0]]
        ]
    }
```

/ is the health endpoint


# rough work to get the schema files created - in progress

{
  "key1": "value1",
  "key2": "value2",
  "key3": {
    "subKey1": "subValue1",
    "subKey2": "subValue2"
  },
  "key4": [1, 2, 3, 4]
}

openapi: 3.0.0
info:
  title: instanceSchemaUri
  version: 1.0.0
paths: {}
components:
  schemas:
    Instance:
      type: object
      properties:
        instances:
          type: array
          items:
            type: array
            items:
              type: number




# FastAPI
uvicorn app:app --reload

# OpenAPI schema for the POST request
# input

openapi: 3.0.0
info:
  title: instanceSchemaUri
  version: 1.0.0
paths: {}
components:
  schemas:
    Instance:
      type: object
      required:
        - mandatory-field
        - ser-image
      properties:
        model:
          type: string
          example: "MNIST"
        mandatory-field:
          type: string
          example: "dummy"
        ser-image:
          type: array
          items:
            type: array
            items:
              type: number
              example: 0.1


# output

openapi: 3.0.0
info:
  title: predictionSchemaUri
  version: 1.0.0
paths: {}
components:
  schemas:
    Instance:
      type: object
      required:
        - number
        - version
      properties:
        model:
          type: string
          example: "MNIST"
        number:
          type: integer
          example: 7
        version:
          type: object
          required:
            - version_name
            - model_id
          properties:
            version_name:
              type: string
              example: "agb-v1"
            model_id:
              type: string
              example: "test_model_id_123"



# gcloud commands

# NO options to specify the schema files
# Ref https://cloud.google.com/sdk/gcloud/reference/ai/models/upload
gcloud ai models upload \
  --container-image-uri="us-central1-docker.pkg.dev/static-bond-416914/arti-repo-for-vertex/vertex-service-image-detection-fastapi:latest" \
  --region=us-central1 \
  --display-name=fast-api-model2 \
  --container-health-route=/ \
  --container-predict-route=/custom-predict \
  --container-ports=8080